Supplemental results for CODEML (seqf: Untitled.seq  treef: tree.txt)


dN/dS (w) for site classes (K=3)

site class             0         1         2
proportion        0.94821   0.05179   0.00000
branch type 0:    0.04094   1.00000   2.71883
branch type 1:    0.04094   1.00000  10.82369
(note that p[2] is zero)


Naive Empirical Bayes (NEB) probabilities for 3 classes
(amino acids refer to 1st sequence: Fish8)

   1 M   1.00000 0.00000 0.00000 ( 1)
   2 N   1.00000 0.00000 0.00000 ( 1)
   3 G   1.00000 0.00000 0.00000 ( 1)
   4 T   1.00000 0.00000 0.00000 ( 1)
   5 E   1.00000 0.00000 0.00000 ( 1)
   6 G   1.00000 0.00000 0.00000 ( 1)
   7 P   0.93280 0.06720 0.00000 ( 1)
   8 N   0.99999 0.00001 0.00000 ( 1)
   9 F   1.00000 0.00000 0.00000 ( 1)
  10 Y   1.00000 0.00000 0.00000 ( 1)
  11 V   0.99953 0.00047 0.00000 ( 1)
  12 P   1.00000 0.00000 0.00000 ( 1)
  13 M   0.99779 0.00221 0.00000 ( 1)
  14 T   1.00000 0.00000 0.00000 ( 1)
  15 N   1.00000 0.00000 0.00000 ( 1)
  16 K   0.00018 0.99982 0.00000 ( 2)
  17 T   1.00000 0.00000 0.00000 ( 1)
  18 G   1.00000 0.00000 0.00000 ( 1)
  19 V   0.99992 0.00008 0.00000 ( 1)
  20 V   1.00000 0.00000 0.00000 ( 1)
  21 R   1.00000 0.00000 0.00000 ( 1)
  22 S   1.00000 0.00000 0.00000 ( 1)
  23 P   1.00000 0.00000 0.00000 ( 1)
  24 F   1.00000 0.00000 0.00000 ( 1)
  25 E   1.00000 0.00000 0.00000 ( 1)
  26 Y   0.05176 0.94824 0.00000 ( 2)
  27 P   1.00000 0.00000 0.00000 ( 1)
  28 Q   1.00000 0.00000 0.00000 ( 1)
  29 Y   1.00000 0.00000 0.00000 ( 1)
  30 Y   1.00000 0.00000 0.00000 ( 1)
  31 L   1.00000 0.00000 0.00000 ( 1)
  32 A   1.00000 0.00000 0.00000 ( 1)
  33 D   1.00000 0.00000 0.00000 ( 1)
  34 P   1.00000 0.00000 0.00000 ( 1)
  35 W   1.00000 0.00000 0.00000 ( 1)
  36 K   0.99830 0.00170 0.00000 ( 1)
  37 Y   1.00000 0.00000 0.00000 ( 1)
  38 S   1.00000 0.00000 0.00000 ( 1)
  39 A   0.99183 0.00817 0.00000 ( 1)
  40 L   1.00000 0.00000 0.00000 ( 1)
  41 A   1.00000 0.00000 0.00000 ( 1)
  42 A   1.00000 0.00000 0.00000 ( 1)
  43 Y   1.00000 0.00000 0.00000 ( 1)
  44 M   1.00000 0.00000 0.00000 ( 1)
  45 F   1.00000 0.00000 0.00000 ( 1)
  46 F   0.90144 0.09856 0.00000 ( 1)
  47 L   1.00000 0.00000 0.00000 ( 1)
  48 I   1.00000 0.00000 0.00000 ( 1)
  49 L   0.99952 0.00048 0.00000 ( 1)
  50 T   1.00000 0.00000 0.00000 ( 1)
  51 G   1.00000 0.00000 0.00000 ( 1)
  52 F   1.00000 0.00000 0.00000 ( 1)
  53 P   1.00000 0.00000 0.00000 ( 1)
  54 I   1.00000 0.00000 0.00000 ( 1)
  55 N   1.00000 0.00000 0.00000 ( 1)
  56 F   1.00000 0.00000 0.00000 ( 1)
  57 L   1.00000 0.00000 0.00000 ( 1)
  58 T   1.00000 0.00000 0.00000 ( 1)
  59 L   1.00000 0.00000 0.00000 ( 1)
  60 Y   1.00000 0.00000 0.00000 ( 1)
  61 V   1.00000 0.00000 0.00000 ( 1)
  62 T   1.00000 0.00000 0.00000 ( 1)
  63 V   1.00000 0.00000 0.00000 ( 1)
  64 Q   1.00000 0.00000 0.00000 ( 1)
  65 H   1.00000 0.00000 0.00000 ( 1)
  66 K   1.00000 0.00000 0.00000 ( 1)
  67 K   1.00000 0.00000 0.00000 ( 1)
  68 L   1.00000 0.00000 0.00000 ( 1)
  69 R   1.00000 0.00000 0.00000 ( 1)
  70 T   1.00000 0.00000 0.00000 ( 1)
  71 P   1.00000 0.00000 0.00000 ( 1)
  72 L   1.00000 0.00000 0.00000 ( 1)
  73 N   1.00000 0.00000 0.00000 ( 1)
  74 Y   1.00000 0.00000 0.00000 ( 1)
  75 I   1.00000 0.00000 0.00000 ( 1)
  76 L   1.00000 0.00000 0.00000 ( 1)
  77 L   1.00000 0.00000 0.00000 ( 1)
  78 N   1.00000 0.00000 0.00000 ( 1)
  79 L   1.00000 0.00000 0.00000 ( 1)
  80 A   1.00000 0.00000 0.00000 ( 1)
  81 V   0.00003 0.99997 0.00000 ( 2)
  82 A   1.00000 0.00000 0.00000 ( 1)
  83 D   1.00000 0.00000 0.00000 ( 1)
  84 L   1.00000 0.00000 0.00000 ( 1)
  85 F   1.00000 0.00000 0.00000 ( 1)
  86 M   1.00000 0.00000 0.00000 ( 1)
  87 V   1.00000 0.00000 0.00000 ( 1)
  88 F   0.00104 0.99896 0.00000 ( 2)
  89 G   0.01129 0.98871 0.00000 ( 2)
  90 G   1.00000 0.00000 0.00000 ( 1)
  91 F   1.00000 0.00000 0.00000 ( 1)
  92 T   1.00000 0.00000 0.00000 ( 1)
  93 T   1.00000 0.00000 0.00000 ( 1)
  94 T   1.00000 0.00000 0.00000 ( 1)
  95 M   1.00000 0.00000 0.00000 ( 1)
  96 Y   1.00000 0.00000 0.00000 ( 1)
  97 T   1.00000 0.00000 0.00000 ( 1)
  98 A   1.00000 0.00000 0.00000 ( 1)
  99 M   1.00000 0.00000 0.00000 ( 1)
 100 N   0.57152 0.42848 0.00000 ( 1)
 101 G   1.00000 0.00000 0.00000 ( 1)
 102 Y   1.00000 0.00000 0.00000 ( 1)
 103 F   1.00000 0.00000 0.00000 ( 1)
 104 V   1.00000 0.00000 0.00000 ( 1)
 105 F   1.00000 0.00000 0.00000 ( 1)
 106 G   1.00000 0.00000 0.00000 ( 1)
 107 V   0.00014 0.99986 0.00000 ( 2)
 108 V   0.98889 0.01111 0.00000 ( 1)
 109 G   1.00000 0.00000 0.00000 ( 1)
 110 C   1.00000 0.00000 0.00000 ( 1)
 111 N   0.99992 0.00008 0.00000 ( 1)
 112 L   0.00000 1.00000 0.00000 ( 2)
 113 E   1.00000 0.00000 0.00000 ( 1)
 114 G   1.00000 0.00000 0.00000 ( 1)
 115 F   1.00000 0.00000 0.00000 ( 1)
 116 F   1.00000 0.00000 0.00000 ( 1)
 117 A   1.00000 0.00000 0.00000 ( 1)
 118 T   1.00000 0.00000 0.00000 ( 1)
 119 F   0.99556 0.00444 0.00000 ( 1)
 120 G   1.00000 0.00000 0.00000 ( 1)
 121 G   1.00000 0.00000 0.00000 ( 1)
 122 I   0.99921 0.00079 0.00000 ( 1)
 123 I   0.14807 0.85193 0.00000 ( 2)
 124 A   1.00000 0.00000 0.00000 ( 1)
 125 L   1.00000 0.00000 0.00000 ( 1)
 126 W   1.00000 0.00000 0.00000 ( 1)
 127 C   1.00000 0.00000 0.00000 ( 1)
 128 L   1.00000 0.00000 0.00000 ( 1)
 129 V   1.00000 0.00000 0.00000 ( 1)
 130 V   1.00000 0.00000 0.00000 ( 1)
 131 L   1.00000 0.00000 0.00000 ( 1)
 132 A   1.00000 0.00000 0.00000 ( 1)
 133 I   1.00000 0.00000 0.00000 ( 1)
 134 E   1.00000 0.00000 0.00000 ( 1)
 135 R   1.00000 0.00000 0.00000 ( 1)
 136 Y   1.00000 0.00000 0.00000 ( 1)
 137 I   0.99987 0.00013 0.00000 ( 1)
 138 V   1.00000 0.00000 0.00000 ( 1)
 139 V   1.00000 0.00000 0.00000 ( 1)
 140 C   1.00000 0.00000 0.00000 ( 1)
 141 K   1.00000 0.00000 0.00000 ( 1)
 142 P   1.00000 0.00000 0.00000 ( 1)
 143 I   1.00000 0.00000 0.00000 ( 1)
 144 S   1.00000 0.00000 0.00000 ( 1)
 145 N   1.00000 0.00000 0.00000 ( 1)
 146 F   1.00000 0.00000 0.00000 ( 1)
 147 R   1.00000 0.00000 0.00000 ( 1)
 148 F   1.00000 0.00000 0.00000 ( 1)
 149 G   1.00000 0.00000 0.00000 ( 1)
 150 E   1.00000 0.00000 0.00000 ( 1)
 151 N   1.00000 0.00000 0.00000 ( 1)
 152 H   1.00000 0.00000 0.00000 ( 1)
 153 A   1.00000 0.00000 0.00000 ( 1)
 154 I   1.00000 0.00000 0.00000 ( 1)
 155 M   1.00000 0.00000 0.00000 ( 1)
 156 G   1.00000 0.00000 0.00000 ( 1)
 157 V   1.00000 0.00000 0.00000 ( 1)
 158 V   0.00014 0.99986 0.00000 ( 2)
 159 F   1.00000 0.00000 0.00000 ( 1)
 160 T   1.00000 0.00000 0.00000 ( 1)
 161 W   1.00000 0.00000 0.00000 ( 1)
 162 I   1.00000 0.00000 0.00000 ( 1)
 163 M   1.00000 0.00000 0.00000 ( 1)
 164 A   1.00000 0.00000 0.00000 ( 1)
 165 L   1.00000 0.00000 0.00000 ( 1)
 166 A   1.00000 0.00000 0.00000 ( 1)
 167 C   1.00000 0.00000 0.00000 ( 1)
 168 A   1.00000 0.00000 0.00000 ( 1)
 169 G   0.00000 1.00000 0.00000 ( 2)
 170 P   1.00000 0.00000 0.00000 ( 1)
 171 P   1.00000 0.00000 0.00000 ( 1)
 172 L   1.00000 0.00000 0.00000 ( 1)
 173 F   0.00000 1.00000 0.00000 ( 2)
 174 G   1.00000 0.00000 0.00000 ( 1)
 175 W   1.00000 0.00000 0.00000 ( 1)
 176 S   1.00000 0.00000 0.00000 ( 1)
 177 R   1.00000 0.00000 0.00000 ( 1)
 178 Y   1.00000 0.00000 0.00000 ( 1)
 179 I   1.00000 0.00000 0.00000 ( 1)
 180 P   1.00000 0.00000 0.00000 ( 1)
 181 E   1.00000 0.00000 0.00000 ( 1)
 182 G   1.00000 0.00000 0.00000 ( 1)
 183 M   1.00000 0.00000 0.00000 ( 1)
 184 Q   1.00000 0.00000 0.00000 ( 1)
 185 C   1.00000 0.00000 0.00000 ( 1)
 186 S   1.00000 0.00000 0.00000 ( 1)
 187 C   1.00000 0.00000 0.00000 ( 1)
 188 G   1.00000 0.00000 0.00000 ( 1)
 189 I   0.99999 0.00001 0.00000 ( 1)
 190 D   1.00000 0.00000 0.00000 ( 1)
 191 Y   1.00000 0.00000 0.00000 ( 1)
 192 Y   1.00000 0.00000 0.00000 ( 1)
 193 T   1.00000 0.00000 0.00000 ( 1)
 194 L   1.00000 0.00000 0.00000 ( 1)
 195 K   0.98601 0.01399 0.00000 ( 1)
 196 P   1.00000 0.00000 0.00000 ( 1)
 197 E   1.00000 0.00000 0.00000 ( 1)
 198 V   1.00000 0.00000 0.00000 ( 1)
 199 N   1.00000 0.00000 0.00000 ( 1)
 200 N   1.00000 0.00000 0.00000 ( 1)
 201 E   1.00000 0.00000 0.00000 ( 1)
 202 S   1.00000 0.00000 0.00000 ( 1)
 203 F   1.00000 0.00000 0.00000 ( 1)
 204 V   1.00000 0.00000 0.00000 ( 1)
 205 I   1.00000 0.00000 0.00000 ( 1)
 206 Y   1.00000 0.00000 0.00000 ( 1)
 207 M   1.00000 0.00000 0.00000 ( 1)
 208 F   1.00000 0.00000 0.00000 ( 1)
 209 I   0.99987 0.00013 0.00000 ( 1)
 210 V   1.00000 0.00000 0.00000 ( 1)
 211 H   1.00000 0.00000 0.00000 ( 1)
 212 F   1.00000 0.00000 0.00000 ( 1)
 213 T   0.95518 0.04482 0.00000 ( 1)
 214 I   1.00000 0.00000 0.00000 ( 1)
 215 P   1.00000 0.00000 0.00000 ( 1)
 216 L   0.99750 0.00250 0.00000 ( 1)
 217 I   0.00000 1.00000 0.00000 ( 2)
 218 I   0.59978 0.40022 0.00000 ( 1)
 219 I   1.00000 0.00000 0.00000 ( 1)
 220 F   1.00000 0.00000 0.00000 ( 1)
 221 F   1.00000 0.00000 0.00000 ( 1)
 222 C   1.00000 0.00000 0.00000 ( 1)
 223 Y   1.00000 0.00000 0.00000 ( 1)
 224 G   1.00000 0.00000 0.00000 ( 1)
 225 R   0.99936 0.00064 0.00000 ( 1)
 226 L   1.00000 0.00000 0.00000 ( 1)
 227 M   1.00000 0.00000 0.00000 ( 1)
 228 C   1.00000 0.00000 0.00000 ( 1)
 229 T   1.00000 0.00000 0.00000 ( 1)
 230 V   1.00000 0.00000 0.00000 ( 1)
 231 K   1.00000 0.00000 0.00000 ( 1)
 232 E   1.00000 0.00000 0.00000 ( 1)
 233 A   1.00000 0.00000 0.00000 ( 1)
 234 A   1.00000 0.00000 0.00000 ( 1)
 235 A   1.00000 0.00000 0.00000 ( 1)
 236 Q   1.00000 0.00000 0.00000 ( 1)
 237 Q   1.00000 0.00000 0.00000 ( 1)
 238 Q   1.00000 0.00000 0.00000 ( 1)
 239 E   1.00000 0.00000 0.00000 ( 1)
 240 S   1.00000 0.00000 0.00000 ( 1)
 241 A   1.00000 0.00000 0.00000 ( 1)
 242 T   1.00000 0.00000 0.00000 ( 1)
 243 T   1.00000 0.00000 0.00000 ( 1)
 244 Q   1.00000 0.00000 0.00000 ( 1)
 245 K   1.00000 0.00000 0.00000 ( 1)
 246 A   1.00000 0.00000 0.00000 ( 1)
 247 E   1.00000 0.00000 0.00000 ( 1)
 248 K   1.00000 0.00000 0.00000 ( 1)
 249 E   1.00000 0.00000 0.00000 ( 1)
 250 V   1.00000 0.00000 0.00000 ( 1)
 251 T   1.00000 0.00000 0.00000 ( 1)
 252 R   1.00000 0.00000 0.00000 ( 1)
 253 M   1.00000 0.00000 0.00000 ( 1)
 254 V   1.00000 0.00000 0.00000 ( 1)
 255 Y   1.00000 0.00000 0.00000 ( 1)
 256 I   1.00000 0.00000 0.00000 ( 1)
 257 M   1.00000 0.00000 0.00000 ( 1)
 258 V   1.00000 0.00000 0.00000 ( 1)
 259 I   1.00000 0.00000 0.00000 ( 1)
 260 S   0.95281 0.04719 0.00000 ( 1)
 261 Y   1.00000 0.00000 0.00000 ( 1)
 262 L   1.00000 0.00000 0.00000 ( 1)
 263 V   1.00000 0.00000 0.00000 ( 1)
 264 C   1.00000 0.00000 0.00000 ( 1)
 265 W   1.00000 0.00000 0.00000 ( 1)
 266 L   0.99579 0.00421 0.00000 ( 1)
 267 P   1.00000 0.00000 0.00000 ( 1)
 268 Y   1.00000 0.00000 0.00000 ( 1)
 269 A   1.00000 0.00000 0.00000 ( 1)
 270 S   0.00000 1.00000 0.00000 ( 2)
 271 V   1.00000 0.00000 0.00000 ( 1)
 272 S   1.00000 0.00000 0.00000 ( 1)
 273 F   0.99999 0.00001 0.00000 ( 1)
 274 Y   1.00000 0.00000 0.00000 ( 1)
 275 I   1.00000 0.00000 0.00000 ( 1)
 276 F   1.00000 0.00000 0.00000 ( 1)
 277 T   1.00000 0.00000 0.00000 ( 1)
 278 H   1.00000 0.00000 0.00000 ( 1)
 279 Q   1.00000 0.00000 0.00000 ( 1)
 280 G   1.00000 0.00000 0.00000 ( 1)
 281 S   1.00000 0.00000 0.00000 ( 1)
 282 D   0.99999 0.00001 0.00000 ( 1)
 283 F   1.00000 0.00000 0.00000 ( 1)
 284 G   1.00000 0.00000 0.00000 ( 1)
 285 P   1.00000 0.00000 0.00000 ( 1)
 286 V   1.00000 0.00000 0.00000 ( 1)
 287 F   1.00000 0.00000 0.00000 ( 1)
 288 M   1.00000 0.00000 0.00000 ( 1)
 289 T   1.00000 0.00000 0.00000 ( 1)
 290 V   0.00007 0.99993 0.00000 ( 2)
 291 P   1.00000 0.00000 0.00000 ( 1)
 292 A   1.00000 0.00000 0.00000 ( 1)
 293 F   1.00000 0.00000 0.00000 ( 1)
 294 F   1.00000 0.00000 0.00000 ( 1)
 295 A   1.00000 0.00000 0.00000 ( 1)
 296 K   1.00000 0.00000 0.00000 ( 1)
 297 T   0.97814 0.02186 0.00000 ( 1)
 298 A   0.99986 0.00014 0.00000 ( 1)
 299 S   0.50521 0.49479 0.00000 ( 1)
 300 V   1.00000 0.00000 0.00000 ( 1)
 301 Y   1.00000 0.00000 0.00000 ( 1)
 302 N   1.00000 0.00000 0.00000 ( 1)
 303 P   1.00000 0.00000 0.00000 ( 1)
 304 V   1.00000 0.00000 0.00000 ( 1)
 305 I   1.00000 0.00000 0.00000 ( 1)
 306 Y   1.00000 0.00000 0.00000 ( 1)
 307 I   1.00000 0.00000 0.00000 ( 1)
 308 L   1.00000 0.00000 0.00000 ( 1)
 309 M   1.00000 0.00000 0.00000 ( 1)
 310 N   1.00000 0.00000 0.00000 ( 1)
 311 K   1.00000 0.00000 0.00000 ( 1)
 312 Q   1.00000 0.00000 0.00000 ( 1)
 313 F   1.00000 0.00000 0.00000 ( 1)
 314 R   1.00000 0.00000 0.00000 ( 1)
 315 N   1.00000 0.00000 0.00000 ( 1)
 316 C   1.00000 0.00000 0.00000 ( 1)
 317 M   1.00000 0.00000 0.00000 ( 1)
 318 I   1.00000 0.00000 0.00000 ( 1)
 319 T   1.00000 0.00000 0.00000 ( 1)
 320 T   1.00000 0.00000 0.00000 ( 1)
 321 L   0.99909 0.00091 0.00000 ( 1)
 322 C   1.00000 0.00000 0.00000 ( 1)
 323 C   1.00000 0.00000 0.00000 ( 1)
 324 G   1.00000 0.00000 0.00000 ( 1)
 325 K   1.00000 0.00000 0.00000 ( 1)
 326 N   1.00000 0.00000 0.00000 ( 1)
 327 P   0.99884 0.00116 0.00000 ( 1)
 328 F   0.97616 0.02384 0.00000 ( 1)
 329 G   0.87195 0.12805 0.00000 ( 1)
 330 D   0.45368 0.54632 0.00000 ( 2)
 331 E   0.00029 0.99971 0.00000 ( 2)


lnL = -11861.394761

Bayes Empirical Bayes (BEB) probabilities for 3 classes (class)
(amino acids refer to 1st sequence: Fish8)

   1 M   1.00000 0.00000 0.00000 ( 1)
   2 N   0.99996 0.00000 0.00004 ( 1)
   3 G   0.99975 0.00000 0.00025 ( 1)
   4 T   0.99979 0.00000 0.00021 ( 1)
   5 E   0.99993 0.00000 0.00007 ( 1)
   6 G   0.99999 0.00000 0.00001 ( 1)
   7 P   0.25465 0.00493 0.74041 ( 3)
   8 N   0.69679 0.00000 0.30321 ( 1)
   9 F   1.00000 0.00000 0.00000 ( 1)
  10 Y   0.99998 0.00000 0.00002 ( 1)
  11 V   0.14768 0.00002 0.85230 ( 3)
  12 P   1.00000 0.00000 0.00000 ( 1)
  13 M   0.00295 0.00000 0.99705 ( 3)
  14 T   1.00000 0.00000 0.00000 ( 1)
  15 N   1.00000 0.00000 0.00000 ( 1)
  16 K   0.00000 0.00385 0.99615 ( 3)
  17 T   0.98660 0.00000 0.01340 ( 1)
  18 G   0.99999 0.00000 0.00001 ( 1)
  19 V   0.90162 0.00003 0.09836 ( 1)
  20 V   0.99991 0.00000 0.00009 ( 1)
  21 R   0.99994 0.00000 0.00006 ( 1)
  22 S   0.99986 0.00000 0.00014 ( 1)
  23 P   1.00000 0.00000 0.00000 ( 1)
  24 F   0.99999 0.00000 0.00001 ( 1)
  25 E   0.99987 0.00000 0.00013 ( 1)
  26 Y   0.00009 0.00026 0.99964 ( 3)
  27 P   0.99985 0.00000 0.00015 ( 1)
  28 Q   0.99937 0.00000 0.00063 ( 1)
  29 Y   0.99999 0.00000 0.00001 ( 1)
  30 Y   0.99999 0.00000 0.00001 ( 1)
  31 L   0.99854 0.00000 0.00146 ( 1)
  32 A   0.99987 0.00000 0.00013 ( 1)
  33 D   0.99847 0.00000 0.00153 ( 1)
  34 P   0.99905 0.00000 0.00095 ( 1)
  35 W   0.99902 0.00000 0.00098 ( 1)
  36 K   0.13587 0.00008 0.86406 ( 3)
  37 Y   0.99987 0.00000 0.00013 ( 1)
  38 S   1.00000 0.00000 0.00000 ( 1)
  39 A   0.03297 0.00006 0.96696 ( 3)
  40 L   0.99944 0.00000 0.00056 ( 1)
  41 A   0.99994 0.00000 0.00006 ( 1)
  42 A   1.00000 0.00000 0.00000 ( 1)
  43 Y   0.99999 0.00000 0.00001 ( 1)
  44 M   1.00000 0.00000 0.00000 ( 1)
  45 F   1.00000 0.00000 0.00000 ( 1)
  46 F   0.05400 0.00158 0.94442 ( 3)
  47 L   0.99999 0.00000 0.00001 ( 1)
  48 I   1.00000 0.00000 0.00000 ( 1)
  49 L   0.17584 0.00002 0.82413 ( 3)
  50 T   0.99479 0.00000 0.00521 ( 1)
  51 G   1.00000 0.00000 0.00000 ( 1)
  52 F   1.00000 0.00000 0.00000 ( 1)
  53 P   1.00000 0.00000 0.00000 ( 1)
  54 I   1.00000 0.00000 0.00000 ( 1)
  55 N   1.00000 0.00000 0.00000 ( 1)
  56 F   0.99999 0.00000 0.00001 ( 1)
  57 L   1.00000 0.00000 0.00000 ( 1)
  58 T   0.99994 0.00000 0.00006 ( 1)
  59 L   1.00000 0.00000 0.00000 ( 1)
  60 Y   0.99985 0.00000 0.00015 ( 1)
  61 V   1.00000 0.00000 0.00000 ( 1)
  62 T   1.00000 0.00000 0.00000 ( 1)
  63 V   0.99822 0.00000 0.00178 ( 1)
  64 Q   0.99945 0.00000 0.00055 ( 1)
  65 H   1.00000 0.00000 0.00000 ( 1)
  66 K   0.99996 0.00000 0.00004 ( 1)
  67 K   0.99856 0.00000 0.00144 ( 1)
  68 L   0.99854 0.00000 0.00146 ( 1)
  69 R   0.99990 0.00000 0.00010 ( 1)
  70 T   0.99551 0.00000 0.00449 ( 1)
  71 P   0.99974 0.00000 0.00026 ( 1)
  72 L   1.00000 0.00000 0.00000 ( 1)
  73 N   1.00000 0.00000 0.00000 ( 1)
  74 Y   1.00000 0.00000 0.00000 ( 1)
  75 I   1.00000 0.00000 0.00000 ( 1)
  76 L   0.99939 0.00000 0.00061 ( 1)
  77 L   1.00000 0.00000 0.00000 ( 1)
  78 N   1.00000 0.00000 0.00000 ( 1)
  79 L   0.99935 0.00000 0.00065 ( 1)
  80 A   0.99991 0.00000 0.00009 ( 1)
  81 V   0.00003 0.11639 0.88358 ( 3)
  82 A   0.99997 0.00000 0.00003 ( 1)
  83 D   0.84456 0.00000 0.15544 ( 1)
  84 L   0.99988 0.00000 0.00012 ( 1)
  85 F   1.00000 0.00000 0.00000 ( 1)
  86 M   1.00000 0.00000 0.00000 ( 1)
  87 V   1.00000 0.00000 0.00000 ( 1)
  88 F   0.00006 0.00594 0.99401 ( 3)
  89 G   0.00746 0.13821 0.85433 ( 3)
  90 G   0.99999 0.00000 0.00001 ( 1)
  91 F   1.00000 0.00000 0.00000 ( 1)
  92 T   0.99998 0.00000 0.00002 ( 1)
  93 T   0.99961 0.00000 0.00039 ( 1)
  94 T   1.00000 0.00000 0.00000 ( 1)
  95 M   0.99949 0.00000 0.00051 ( 1)
  96 Y   0.99923 0.00000 0.00077 ( 1)
  97 T   1.00000 0.00000 0.00000 ( 1)
  98 A   0.99137 0.00000 0.00863 ( 1)
  99 M   0.98663 0.00000 0.01337 ( 1)
 100 N   0.02145 0.00421 0.97433 ( 3)
 101 G   0.99972 0.00000 0.00028 ( 1)
 102 Y   0.99999 0.00000 0.00001 ( 1)
 103 F   0.99999 0.00000 0.00001 ( 1)
 104 V   0.99977 0.00000 0.00023 ( 1)
 105 F   0.99999 0.00000 0.00001 ( 1)
 106 G   0.99966 0.00000 0.00034 ( 1)
 107 V   0.00069 0.51542 0.48388 ( 2)
 108 V   0.89666 0.00386 0.09948 ( 1)
 109 G   0.99918 0.00000 0.00082 ( 1)
 110 C   0.99999 0.00000 0.00001 ( 1)
 111 N   0.18267 0.00000 0.81733 ( 3)
 112 L   0.00000 0.81183 0.18817 ( 2)
 113 E   0.99985 0.00000 0.00015 ( 1)
 114 G   1.00000 0.00000 0.00000 ( 1)
 115 F   1.00000 0.00000 0.00000 ( 1)
 116 F   0.99989 0.00000 0.00011 ( 1)
 117 A   1.00000 0.00000 0.00000 ( 1)
 118 T   0.99998 0.00000 0.00002 ( 1)
 119 F   0.31915 0.00055 0.68030 ( 3)
 120 G   0.99985 0.00000 0.00015 ( 1)
 121 G   0.99576 0.00000 0.00423 ( 1)
 122 I   0.93627 0.00034 0.06339 ( 1)
 123 I   0.01158 0.01247 0.97595 ( 3)
 124 A   0.99999 0.00000 0.00001 ( 1)
 125 L   0.99982 0.00000 0.00018 ( 1)
 126 W   0.99902 0.00000 0.00098 ( 1)
 127 C   0.99892 0.00000 0.00108 ( 1)
 128 L   0.99980 0.00000 0.00020 ( 1)
 129 V   0.99995 0.00000 0.00005 ( 1)
 130 V   1.00000 0.00000 0.00000 ( 1)
 131 L   0.99957 0.00000 0.00043 ( 1)
 132 A   1.00000 0.00000 0.00000 ( 1)
 133 I   0.99820 0.00000 0.00180 ( 1)
 134 E   0.99993 0.00000 0.00007 ( 1)
 135 R   0.99822 0.00000 0.00178 ( 1)
 136 Y   0.99973 0.00000 0.00027 ( 1)
 137 I   0.78739 0.00003 0.21258 ( 1)
 138 V   0.99998 0.00000 0.00002 ( 1)
 139 V   0.99998 0.00000 0.00002 ( 1)
 140 C   0.99990 0.00000 0.00010 ( 1)
 141 K   0.99995 0.00000 0.00005 ( 1)
 142 P   1.00000 0.00000 0.00000 ( 1)
 143 I   1.00000 0.00000 0.00000 ( 1)
 144 S   0.99999 0.00000 0.00001 ( 1)
 145 N   1.00000 0.00000 0.00000 ( 1)
 146 F   1.00000 0.00000 0.00000 ( 1)
 147 R   0.99991 0.00000 0.00009 ( 1)
 148 F   1.00000 0.00000 0.00000 ( 1)
 149 G   0.99334 0.00000 0.00665 ( 1)
 150 E   0.99996 0.00000 0.00004 ( 1)
 151 N   0.99986 0.00000 0.00014 ( 1)
 152 H   0.99997 0.00000 0.00003 ( 1)
 153 A   1.00000 0.00000 0.00000 ( 1)
 154 I   0.99999 0.00000 0.00001 ( 1)
 155 M   0.99985 0.00000 0.00015 ( 1)
 156 G   0.99973 0.00000 0.00027 ( 1)
 157 V   0.99963 0.00000 0.00037 ( 1)
 158 V   0.00010 0.05292 0.94698 ( 3)
 159 F   0.99446 0.00000 0.00554 ( 1)
 160 T   1.00000 0.00000 0.00000 ( 1)
 161 W   0.99902 0.00000 0.00098 ( 1)
 162 I   0.99968 0.00000 0.00032 ( 1)
 163 M   1.00000 0.00000 0.00000 ( 1)
 164 A   0.99991 0.00000 0.00009 ( 1)
 165 L   0.97986 0.00000 0.02014 ( 1)
 166 A   0.99998 0.00000 0.00002 ( 1)
 167 C   0.99944 0.00000 0.00056 ( 1)
 168 A   0.99398 0.00000 0.00602 ( 1)
 169 G   0.00000 0.90379 0.09621 ( 2)
 170 P   0.99974 0.00000 0.00026 ( 1)
 171 P   0.99996 0.00000 0.00004 ( 1)
 172 L   0.99999 0.00000 0.00001 ( 1)
 173 F   0.00000 0.07414 0.92586 ( 3)
 174 G   0.99999 0.00000 0.00001 ( 1)
 175 W   0.99902 0.00000 0.00098 ( 1)
 176 S   1.00000 0.00000 0.00000 ( 1)
 177 R   0.99985 0.00000 0.00015 ( 1)
 178 Y   0.99998 0.00000 0.00002 ( 1)
 179 I   1.00000 0.00000 0.00000 ( 1)
 180 P   0.99855 0.00000 0.00145 ( 1)
 181 E   0.99989 0.00000 0.00011 ( 1)
 182 G   0.99998 0.00000 0.00002 ( 1)
 183 M   0.99976 0.00000 0.00024 ( 1)
 184 Q   0.99939 0.00000 0.00061 ( 1)
 185 C   0.99995 0.00000 0.00005 ( 1)
 186 S   0.99856 0.00000 0.00144 ( 1)
 187 C   0.99834 0.00000 0.00166 ( 1)
 188 G   0.99917 0.00000 0.00083 ( 1)
 189 I   0.98188 0.00000 0.01811 ( 1)
 190 D   1.00000 0.00000 0.00000 ( 1)
 191 Y   0.99999 0.00000 0.00001 ( 1)
 192 Y   0.99999 0.00000 0.00001 ( 1)
 193 T   0.99945 0.00000 0.00055 ( 1)
 194 L   0.80127 0.00000 0.19873 ( 1)
 195 K   0.01191 0.00004 0.98805 ( 3)
 196 P   0.95996 0.00000 0.04004 ( 1)
 197 E   0.99996 0.00000 0.00004 ( 1)
 198 V   0.24941 0.00000 0.75059 ( 3)
 199 N   0.99953 0.00000 0.00047 ( 1)
 200 N   0.99999 0.00000 0.00001 ( 1)
 201 E   0.99427 0.00000 0.00573 ( 1)
 202 S   1.00000 0.00000 0.00000 ( 1)
 203 F   1.00000 0.00000 0.00000 ( 1)
 204 V   1.00000 0.00000 0.00000 ( 1)
 205 I   1.00000 0.00000 0.00000 ( 1)
 206 Y   1.00000 0.00000 0.00000 ( 1)
 207 M   1.00000 0.00000 0.00000 ( 1)
 208 F   1.00000 0.00000 0.00000 ( 1)
 209 I   0.94663 0.00004 0.05333 ( 1)
 210 V   1.00000 0.00000 0.00000 ( 1)
 211 H   1.00000 0.00000 0.00000 ( 1)
 212 F   1.00000 0.00000 0.00000 ( 1)
 213 T   0.03528 0.00022 0.96449 ( 3)
 214 I   1.00000 0.00000 0.00000 ( 1)
 215 P   0.99992 0.00000 0.00008 ( 1)
 216 L   0.01993 0.00001 0.98006 ( 3)
 217 I   0.00000 0.68240 0.31760 ( 2)
 218 I   0.00051 0.00003 0.99946 ( 3)
 219 I   1.00000 0.00000 0.00000 ( 1)
 220 F   1.00000 0.00000 0.00000 ( 1)
 221 F   1.00000 0.00000 0.00000 ( 1)
 222 C   0.99999 0.00000 0.00001 ( 1)
 223 Y   0.99962 0.00000 0.00038 ( 1)
 224 G   0.99948 0.00000 0.00052 ( 1)
 225 R   0.34538 0.00008 0.65453 ( 3)
 226 L   0.99968 0.00000 0.00032 ( 1)
 227 M   1.00000 0.00000 0.00000 ( 1)
 228 C   1.00000 0.00000 0.00000 ( 1)
 229 T   0.99959 0.00000 0.00041 ( 1)
 230 V   1.00000 0.00000 0.00000 ( 1)
 231 K   0.99987 0.00000 0.00013 ( 1)
 232 E   0.99962 0.00000 0.00038 ( 1)
 233 A   0.99823 0.00000 0.00177 ( 1)
 234 A   0.99838 0.00000 0.00162 ( 1)
 235 A   1.00000 0.00000 0.00000 ( 1)
 236 Q   0.99952 0.00000 0.00048 ( 1)
 237 Q   0.99932 0.00000 0.00068 ( 1)
 238 Q   0.99941 0.00000 0.00059 ( 1)
 239 E   0.99993 0.00000 0.00007 ( 1)
 240 S   0.99678 0.00000 0.00322 ( 1)
 241 A   1.00000 0.00000 0.00000 ( 1)
 242 T   1.00000 0.00000 0.00000 ( 1)
 243 T   1.00000 0.00000 0.00000 ( 1)
 244 Q   0.99952 0.00000 0.00048 ( 1)
 245 K   0.99989 0.00000 0.00011 ( 1)
 246 A   0.99946 0.00000 0.00054 ( 1)
 247 E   0.99996 0.00000 0.00004 ( 1)
 248 K   0.99922 0.00000 0.00078 ( 1)
 249 E   0.99976 0.00000 0.00024 ( 1)
 250 V   1.00000 0.00000 0.00000 ( 1)
 251 T   1.00000 0.00000 0.00000 ( 1)
 252 R   0.99997 0.00000 0.00003 ( 1)
 253 M   1.00000 0.00000 0.00000 ( 1)
 254 V   1.00000 0.00000 0.00000 ( 1)
 255 Y   0.99995 0.00000 0.00005 ( 1)
 256 I   0.99998 0.00000 0.00002 ( 1)
 257 M   1.00000 0.00000 0.00000 ( 1)
 258 V   1.00000 0.00000 0.00000 ( 1)
 259 I   0.97719 0.00000 0.02281 ( 1)
 260 S   0.10927 0.00127 0.88947 ( 3)
 261 Y   1.00000 0.00000 0.00000 ( 1)
 262 L   0.99954 0.00000 0.00046 ( 1)
 263 V   0.96964 0.00000 0.03035 ( 1)
 264 C   0.99999 0.00000 0.00001 ( 1)
 265 W   0.99902 0.00000 0.00098 ( 1)
 266 L   0.02169 0.00002 0.97829 ( 3)
 267 P   1.00000 0.00000 0.00000 ( 1)
 268 Y   0.99988 0.00000 0.00012 ( 1)
 269 A   1.00000 0.00000 0.00000 ( 1)
 270 S   0.00000 0.78695 0.21305 ( 2)
 271 V   0.99997 0.00000 0.00003 ( 1)
 272 S   0.99874 0.00000 0.00126 ( 1)
 273 F   0.09505 0.00000 0.90495 ( 3)
 274 Y   0.99996 0.00000 0.00004 ( 1)
 275 I   1.00000 0.00000 0.00000 ( 1)
 276 F   1.00000 0.00000 0.00000 ( 1)
 277 T   0.99996 0.00000 0.00004 ( 1)
 278 H   0.99997 0.00000 0.00003 ( 1)
 279 Q   0.99940 0.00000 0.00060 ( 1)
 280 G   0.99998 0.00000 0.00002 ( 1)
 281 S   0.99998 0.00000 0.00002 ( 1)
 282 D   0.03011 0.00000 0.96989 ( 3)
 283 F   0.99998 0.00000 0.00002 ( 1)
 284 G   0.99999 0.00000 0.00001 ( 1)
 285 P   0.99999 0.00000 0.00001 ( 1)
 286 V   0.99890 0.00000 0.00110 ( 1)
 287 F   0.99992 0.00000 0.00008 ( 1)
 288 M   1.00000 0.00000 0.00000 ( 1)
 289 T   1.00000 0.00000 0.00000 ( 1)
 290 V   0.00000 0.00122 0.99878 ( 3)
 291 P   0.99971 0.00000 0.00029 ( 1)
 292 A   0.99758 0.00000 0.00242 ( 1)
 293 F   1.00000 0.00000 0.00000 ( 1)
 294 F   0.99988 0.00000 0.00012 ( 1)
 295 A   1.00000 0.00000 0.00000 ( 1)
 296 K   0.99996 0.00000 0.00004 ( 1)
 297 T   0.00100 0.00000 0.99900 ( 3)
 298 A   0.62151 0.00003 0.37846 ( 1)
 299 S   0.00058 0.00009 0.99933 ( 3)
 300 V   0.99946 0.00000 0.00054 ( 1)
 301 Y   0.99996 0.00000 0.00004 ( 1)
 302 N   1.00000 0.00000 0.00000 ( 1)
 303 P   0.99820 0.00000 0.00180 ( 1)
 304 V   1.00000 0.00000 0.00000 ( 1)
 305 I   1.00000 0.00000 0.00000 ( 1)
 306 Y   0.99995 0.00000 0.00005 ( 1)
 307 I   1.00000 0.00000 0.00000 ( 1)
 308 L   0.99987 0.00000 0.00013 ( 1)
 309 M   0.99984 0.00000 0.00016 ( 1)
 310 N   1.00000 0.00000 0.00000 ( 1)
 311 K   0.99992 0.00000 0.00008 ( 1)
 312 Q   0.99952 0.00000 0.00048 ( 1)
 313 F   1.00000 0.00000 0.00000 ( 1)
 314 R   0.99817 0.00000 0.00183 ( 1)
 315 N   0.99996 0.00000 0.00004 ( 1)
 316 C   0.99999 0.00000 0.00001 ( 1)
 317 M   1.00000 0.00000 0.00000 ( 1)
 318 I   0.97770 0.00000 0.02230 ( 1)
 319 T   1.00000 0.00000 0.00000 ( 1)
 320 T   1.00000 0.00000 0.00000 ( 1)
 321 L   0.03342 0.00001 0.96657 ( 3)
 322 C   1.00000 0.00000 0.00000 ( 1)
 323 C   0.99965 0.00000 0.00035 ( 1)
 324 G   0.99999 0.00000 0.00001 ( 1)
 325 K   0.99996 0.00000 0.00004 ( 1)
 326 N   0.98310 0.00000 0.01690 ( 1)
 327 P   0.86801 0.00055 0.13144 ( 1)
 328 F   0.03995 0.00027 0.95978 ( 3)
 329 G   0.08184 0.00441 0.91376 ( 3)
 330 D   0.00282 0.00075 0.99643 ( 3)
 331 E   0.00011 0.04926 0.95063 ( 3)

